x = [1.2 1.4 -2.45];
y = [-2.6 1.1 0.65];

result = 3.27*x -7.4*y